1       5       0       0
2       15      0       0
3       25      0       0
4       35      0       0
5       45      0       0
6       55      0       0
7       65      0       0
8       75      0       0
9       85      0       0
10      95      0       0
11     104      0       0
12     114      0       0
13     124      0       0
14     134      0       0
15     143      0       0
16      40      5       0
17      40      15      0
18      40      25      0
19      40      35      0
20      55      5       0
21      55      15      0
22      55      25      0
23     101      5       0
24     101      25      0
25      -7     -25      0
26      5      -28      0
27      16     -28      0
28      19     -32      0
29      34     -34      0
30      38     -34      0
31      51     -36      0
32      64     -38      0
33      75     -38      0
34      82     -41      0
35      93     -43      0